6.000000000000000000e+01  ,  0.000000000000000000e+00  ,  0.000000000000000000e+00
1.200000000000000000e+02  ,  0.000000000000000000e+00  ,  0.000000000000000000e+00
1.800000000000000000e+02  ,  2.053899999999999949e-08  ,  1.824600000000000122e-13
2.400000000000000000e+02  ,  5.727700000000000235e-06  ,  2.696099999999999871e-11
3.000000000000000000e+02  ,  1.422900000000000048e-05  ,  6.196399999999999406e-11
3.600000000000000000e+02  ,  1.500700000000000048e-05  ,  4.444800000000000125e-11
4.200000000000000000e+02  ,  1.514000000000000073e-05  ,  6.397999999999999516e-11
4.800000000000000000e+02  ,  1.656600000000000029e-05  ,  6.263799999999999866e-11
5.400000000000000000e+02  ,  1.483000000000000031e-05  ,  6.137799999999999474e-11
6.000000000000000000e+02  ,  1.732299999999999999e-05  ,  8.324600000000000132e-11
6.600000000000000000e+02  ,  1.443900000000000016e-05  ,  5.990400000000000324e-11
7.200000000000000000e+02  ,  1.609800000000000071e-05  ,  7.757500000000000095e-11
7.800000000000000000e+02  ,  1.535200000000000141e-05  ,  4.228999999999999691e-11
8.400000000000000000e+02  ,  1.665400000000000013e-05  ,  7.149999999999999866e-11
9.000000000000000000e+02  ,  1.605899999999999990e-05  ,  6.026100000000000263e-11
9.600000000000000000e+02  ,  1.527999999999999939e-05  ,  6.609200000000000555e-11
1.020000000000000000e+03  ,  1.749000000000000026e-05  ,  8.548800000000000247e-11
1.080000000000000000e+03  ,  1.485800000000000072e-05  ,  5.681799999999999963e-11
1.140000000000000000e+03  ,  1.738500000000000042e-05  ,  8.163799999999999767e-11
1.200000000000000000e+03  ,  1.486100000000000053e-05  ,  4.022200000000000209e-11
1.260000000000000000e+03  ,  1.771400000000000014e-05  ,  7.141800000000000608e-11
1.320000000000000000e+03  ,  1.552699999999999889e-05  ,  5.648199999999999945e-11
1.380000000000000000e+03  ,  1.534499999999999962e-05  ,  6.867199999999999819e-11
1.440000000000000000e+03  ,  1.659499999999999951e-05  ,  8.937100000000000602e-11
1.500000000000000000e+03  ,  1.480600000000000020e-05  ,  5.981599999999999796e-11
1.560000000000000000e+03  ,  1.543599999999999925e-05  ,  7.291100000000000547e-11
1.620000000000000000e+03  ,  1.478300000000000059e-05  ,  4.012700000000000138e-11
1.680000000000000000e+03  ,  1.710499999999999971e-05  ,  7.572899999999999771e-11
1.740000000000000000e+03  ,  1.491299999999999935e-05  ,  4.541199999999999916e-11
1.800000000000000000e+03  ,  1.668700000000000134e-05  ,  7.317300000000000416e-11
1.860000000000000000e+03  ,  1.640199999999999983e-05  ,  8.295499999999999943e-11
1.920000000000000000e+03  ,  1.534599999999999842e-05  ,  6.218399999999999433e-11
1.980000000000000000e+03  ,  1.635399999999999961e-05  ,  8.196899999999999374e-11
2.040000000000000000e+03  ,  1.470100000000000036e-05  ,  3.963900000000000265e-11
2.100000000000000000e+03  ,  1.822499999999999915e-05  ,  7.887899999999999458e-11
2.160000000000000000e+03  ,  1.453800000000000040e-05  ,  4.354700000000000094e-11
2.220000000000000000e+03  ,  1.572900000000000136e-05  ,  7.609300000000000545e-11
2.280000000000000000e+03  ,  1.600100000000000147e-05  ,  7.685099999999999394e-11
2.340000000000000000e+03  ,  1.568499999999999975e-05  ,  6.461400000000000559e-11
2.400000000000000000e+03  ,  1.213399999999999936e-05  ,  4.762400000000000144e-11
2.460000000000000000e+03  ,  1.158799999999999984e-05  ,  4.188799999999999923e-11
2.520000000000000000e+03  ,  8.912499999999999795e-06  ,  3.462899999999999876e-11
2.580000000000000000e+03  ,  8.463100000000000337e-06  ,  2.366199999999999995e-11
2.640000000000000000e+03  ,  8.760500000000000234e-06  ,  1.984500000000000036e-11
2.700000000000000000e+03  ,  8.134700000000000229e-06  ,  1.599699999999999979e-11
2.760000000000000000e+03  ,  7.797300000000000715e-06  ,  1.606300000000000052e-11
2.820000000000000000e+03  ,  7.610299999999999795e-06  ,  1.606000000000000063e-11
2.880000000000000000e+03  ,  6.317500000000000077e-06  ,  1.340400000000000064e-11
2.940000000000000000e+03  ,  6.221899999999999671e-06  ,  1.300700000000000062e-11
3.000000000000000000e+03  ,  6.151599999999999683e-06  ,  1.263300000000000080e-11
3.060000000000000000e+03  ,  5.959400000000000066e-06  ,  1.258700000000000039e-11
3.120000000000000000e+03  ,  5.928600000000000294e-06  ,  1.252699999999999943e-11
3.180000000000000000e+03  ,  5.613000000000000300e-06  ,  1.190399999999999936e-11
3.240000000000000000e+03  ,  5.585799999999999950e-06  ,  1.227800000000000080e-11
3.300000000000000000e+03  ,  5.501099999999999728e-06  ,  1.218899999999999986e-11
3.360000000000000000e+03  ,  5.386099999999999982e-06  ,  1.460899999999999965e-11
3.420000000000000000e+03  ,  5.142900000000000345e-06  ,  1.336200000000000062e-11
3.480000000000000000e+03  ,  5.040100000000000245e-06  ,  1.397299999999999953e-11
3.540000000000000000e+03  ,  5.009600000000000283e-06  ,  1.470600000000000135e-11
3.600000000000000000e+03  ,  4.906699999999999964e-06  ,  1.465299999999999906e-11
3.660000000000000000e+03  ,  4.810399999999999717e-06  ,  1.479600000000000117e-11
3.720000000000000000e+03  ,  4.781399999999999656e-06  ,  1.448800000000000047e-11
3.780000000000000000e+03  ,  4.745599999999999931e-06  ,  1.442600000000000012e-11
3.840000000000000000e+03  ,  3.502699999999999939e-06  ,  7.594099999999999721e-12
3.900000000000000000e+03  ,  3.425699999999999765e-07  ,  5.844100000000000311e-13
3.960000000000000000e+03  ,  5.429999999999999654e-09  ,  7.067499999999999767e-15
4.020000000000000000e+03  ,  2.407800000000000141e-11  ,  2.109200000000000148e-17
4.080000000000000000e+03  ,  4.514600000000000271e-14  ,  2.963799999999999952e-20
4.140000000000000000e+03  ,  0.000000000000000000e+00  ,  0.000000000000000000e+00
4.200000000000000000e+03  ,  0.000000000000000000e+00  ,  0.000000000000000000e+00
4.260000000000000000e+03  ,  0.000000000000000000e+00  ,  0.000000000000000000e+00
4.320000000000000000e+03  ,  0.000000000000000000e+00  ,  0.000000000000000000e+00
4.380000000000000000e+03  ,  0.000000000000000000e+00  ,  0.000000000000000000e+00
4.440000000000000000e+03  ,  0.000000000000000000e+00  ,  0.000000000000000000e+00
4.500000000000000000e+03  ,  0.000000000000000000e+00  ,  0.000000000000000000e+00
4.560000000000000000e+03  ,  0.000000000000000000e+00  ,  0.000000000000000000e+00
4.620000000000000000e+03  ,  0.000000000000000000e+00  ,  0.000000000000000000e+00
4.680000000000000000e+03  ,  0.000000000000000000e+00  ,  0.000000000000000000e+00
4.740000000000000000e+03  ,  0.000000000000000000e+00  ,  0.000000000000000000e+00
4.800000000000000000e+03  ,  0.000000000000000000e+00  ,  0.000000000000000000e+00
4.860000000000000000e+03  ,  0.000000000000000000e+00  ,  0.000000000000000000e+00
4.920000000000000000e+03  ,  0.000000000000000000e+00  ,  0.000000000000000000e+00
4.980000000000000000e+03  ,  0.000000000000000000e+00  ,  0.000000000000000000e+00
5.040000000000000000e+03  ,  0.000000000000000000e+00  ,  0.000000000000000000e+00
5.100000000000000000e+03  ,  0.000000000000000000e+00  ,  0.000000000000000000e+00
5.160000000000000000e+03  ,  0.000000000000000000e+00  ,  0.000000000000000000e+00
5.220000000000000000e+03  ,  0.000000000000000000e+00  ,  0.000000000000000000e+00
5.280000000000000000e+03  ,  0.000000000000000000e+00  ,  0.000000000000000000e+00
5.340000000000000000e+03  ,  0.000000000000000000e+00  ,  0.000000000000000000e+00
5.400000000000000000e+03  ,  0.000000000000000000e+00  ,  0.000000000000000000e+00
5.460000000000000000e+03  ,  0.000000000000000000e+00  ,  0.000000000000000000e+00
5.520000000000000000e+03  ,  0.000000000000000000e+00  ,  0.000000000000000000e+00
5.580000000000000000e+03  ,  0.000000000000000000e+00  ,  0.000000000000000000e+00
5.640000000000000000e+03  ,  0.000000000000000000e+00  ,  0.000000000000000000e+00
5.700000000000000000e+03  ,  0.000000000000000000e+00  ,  0.000000000000000000e+00
5.760000000000000000e+03  ,  0.000000000000000000e+00  ,  0.000000000000000000e+00
5.820000000000000000e+03  ,  0.000000000000000000e+00  ,  0.000000000000000000e+00
5.880000000000000000e+03  ,  0.000000000000000000e+00  ,  0.000000000000000000e+00
5.940000000000000000e+03  ,  0.000000000000000000e+00  ,  0.000000000000000000e+00
6.000000000000000000e+03  ,  0.000000000000000000e+00  ,  0.000000000000000000e+00
6.060000000000000000e+03  ,  0.000000000000000000e+00  ,  0.000000000000000000e+00
6.120000000000000000e+03  ,  0.000000000000000000e+00  ,  0.000000000000000000e+00
6.180000000000000000e+03  ,  0.000000000000000000e+00  ,  0.000000000000000000e+00
6.240000000000000000e+03  ,  0.000000000000000000e+00  ,  0.000000000000000000e+00
6.300000000000000000e+03  ,  0.000000000000000000e+00  ,  0.000000000000000000e+00
6.360000000000000000e+03  ,  0.000000000000000000e+00  ,  0.000000000000000000e+00
6.420000000000000000e+03  ,  0.000000000000000000e+00  ,  0.000000000000000000e+00
6.480000000000000000e+03  ,  0.000000000000000000e+00  ,  0.000000000000000000e+00
6.540000000000000000e+03  ,  0.000000000000000000e+00  ,  0.000000000000000000e+00
6.600000000000000000e+03  ,  0.000000000000000000e+00  ,  0.000000000000000000e+00
6.660000000000000000e+03  ,  0.000000000000000000e+00  ,  0.000000000000000000e+00
6.720000000000000000e+03  ,  0.000000000000000000e+00  ,  0.000000000000000000e+00
6.780000000000000000e+03  ,  0.000000000000000000e+00  ,  0.000000000000000000e+00
6.840000000000000000e+03  ,  0.000000000000000000e+00  ,  0.000000000000000000e+00
6.900000000000000000e+03  ,  0.000000000000000000e+00  ,  0.000000000000000000e+00
6.960000000000000000e+03  ,  0.000000000000000000e+00  ,  0.000000000000000000e+00
7.020000000000000000e+03  ,  0.000000000000000000e+00  ,  0.000000000000000000e+00
7.080000000000000000e+03  ,  0.000000000000000000e+00  ,  0.000000000000000000e+00
7.140000000000000000e+03  ,  0.000000000000000000e+00  ,  0.000000000000000000e+00
7.200000000000000000e+03  ,  0.000000000000000000e+00  ,  0.000000000000000000e+00
7.260000000000000000e+03  ,  0.000000000000000000e+00  ,  0.000000000000000000e+00
7.320000000000000000e+03  ,  0.000000000000000000e+00  ,  0.000000000000000000e+00
7.380000000000000000e+03  ,  0.000000000000000000e+00  ,  0.000000000000000000e+00
7.440000000000000000e+03  ,  0.000000000000000000e+00  ,  0.000000000000000000e+00
7.500000000000000000e+03  ,  0.000000000000000000e+00  ,  0.000000000000000000e+00
7.560000000000000000e+03  ,  0.000000000000000000e+00  ,  0.000000000000000000e+00
7.620000000000000000e+03  ,  0.000000000000000000e+00  ,  0.000000000000000000e+00
7.680000000000000000e+03  ,  0.000000000000000000e+00  ,  0.000000000000000000e+00
7.740000000000000000e+03  ,  0.000000000000000000e+00  ,  0.000000000000000000e+00
7.800000000000000000e+03  ,  0.000000000000000000e+00  ,  0.000000000000000000e+00
7.860000000000000000e+03  ,  0.000000000000000000e+00  ,  0.000000000000000000e+00
7.920000000000000000e+03  ,  0.000000000000000000e+00  ,  0.000000000000000000e+00
7.980000000000000000e+03  ,  0.000000000000000000e+00  ,  0.000000000000000000e+00
8.040000000000000000e+03  ,  0.000000000000000000e+00  ,  0.000000000000000000e+00
8.100000000000000000e+03  ,  0.000000000000000000e+00  ,  0.000000000000000000e+00
8.160000000000000000e+03  ,  0.000000000000000000e+00  ,  0.000000000000000000e+00
8.220000000000000000e+03  ,  0.000000000000000000e+00  ,  0.000000000000000000e+00
8.280000000000000000e+03  ,  0.000000000000000000e+00  ,  0.000000000000000000e+00
8.340000000000000000e+03  ,  0.000000000000000000e+00  ,  0.000000000000000000e+00
8.400000000000000000e+03  ,  0.000000000000000000e+00  ,  0.000000000000000000e+00
8.460000000000000000e+03  ,  0.000000000000000000e+00  ,  0.000000000000000000e+00
8.520000000000000000e+03  ,  0.000000000000000000e+00  ,  0.000000000000000000e+00
8.580000000000000000e+03  ,  0.000000000000000000e+00  ,  0.000000000000000000e+00
8.640000000000000000e+03  ,  0.000000000000000000e+00  ,  0.000000000000000000e+00
8.700000000000000000e+03  ,  0.000000000000000000e+00  ,  0.000000000000000000e+00
8.760000000000000000e+03  ,  0.000000000000000000e+00  ,  0.000000000000000000e+00
8.820000000000000000e+03  ,  0.000000000000000000e+00  ,  0.000000000000000000e+00
8.880000000000000000e+03  ,  0.000000000000000000e+00  ,  0.000000000000000000e+00
8.940000000000000000e+03  ,  0.000000000000000000e+00  ,  0.000000000000000000e+00
9.000000000000000000e+03  ,  0.000000000000000000e+00  ,  0.000000000000000000e+00
9.060000000000000000e+03  ,  0.000000000000000000e+00  ,  0.000000000000000000e+00
9.120000000000000000e+03  ,  0.000000000000000000e+00  ,  0.000000000000000000e+00
9.180000000000000000e+03  ,  0.000000000000000000e+00  ,  0.000000000000000000e+00
9.240000000000000000e+03  ,  0.000000000000000000e+00  ,  0.000000000000000000e+00
9.300000000000000000e+03  ,  0.000000000000000000e+00  ,  0.000000000000000000e+00
9.360000000000000000e+03  ,  0.000000000000000000e+00  ,  0.000000000000000000e+00
9.420000000000000000e+03  ,  0.000000000000000000e+00  ,  0.000000000000000000e+00
9.480000000000000000e+03  ,  0.000000000000000000e+00  ,  0.000000000000000000e+00
9.540000000000000000e+03  ,  0.000000000000000000e+00  ,  0.000000000000000000e+00
9.600000000000000000e+03  ,  0.000000000000000000e+00  ,  0.000000000000000000e+00
9.660000000000000000e+03  ,  0.000000000000000000e+00  ,  0.000000000000000000e+00
9.720000000000000000e+03  ,  0.000000000000000000e+00  ,  0.000000000000000000e+00
9.780000000000000000e+03  ,  0.000000000000000000e+00  ,  0.000000000000000000e+00
9.840000000000000000e+03  ,  0.000000000000000000e+00  ,  0.000000000000000000e+00
9.900000000000000000e+03  ,  0.000000000000000000e+00  ,  0.000000000000000000e+00
9.960000000000000000e+03  ,  0.000000000000000000e+00  ,  0.000000000000000000e+00
1.002000000000000000e+04  ,  0.000000000000000000e+00  ,  0.000000000000000000e+00
1.008000000000000000e+04  ,  0.000000000000000000e+00  ,  0.000000000000000000e+00
1.014000000000000000e+04  ,  0.000000000000000000e+00  ,  0.000000000000000000e+00
1.020000000000000000e+04  ,  0.000000000000000000e+00  ,  0.000000000000000000e+00
1.026000000000000000e+04  ,  0.000000000000000000e+00  ,  0.000000000000000000e+00
1.032000000000000000e+04  ,  0.000000000000000000e+00  ,  0.000000000000000000e+00
1.038000000000000000e+04  ,  0.000000000000000000e+00  ,  0.000000000000000000e+00
1.044000000000000000e+04  ,  0.000000000000000000e+00  ,  0.000000000000000000e+00
1.050000000000000000e+04  ,  0.000000000000000000e+00  ,  0.000000000000000000e+00
1.056000000000000000e+04  ,  0.000000000000000000e+00  ,  0.000000000000000000e+00
1.062000000000000000e+04  ,  0.000000000000000000e+00  ,  0.000000000000000000e+00
1.068000000000000000e+04  ,  0.000000000000000000e+00  ,  0.000000000000000000e+00
1.074000000000000000e+04  ,  0.000000000000000000e+00  ,  0.000000000000000000e+00
1.080000000000000000e+04  ,  0.000000000000000000e+00  ,  0.000000000000000000e+00
1.086000000000000000e+04  ,  0.000000000000000000e+00  ,  0.000000000000000000e+00
1.092000000000000000e+04  ,  0.000000000000000000e+00  ,  0.000000000000000000e+00
1.098000000000000000e+04  ,  0.000000000000000000e+00  ,  0.000000000000000000e+00
1.104000000000000000e+04  ,  0.000000000000000000e+00  ,  0.000000000000000000e+00
1.110000000000000000e+04  ,  0.000000000000000000e+00  ,  0.000000000000000000e+00
1.116000000000000000e+04  ,  0.000000000000000000e+00  ,  0.000000000000000000e+00
1.122000000000000000e+04  ,  0.000000000000000000e+00  ,  0.000000000000000000e+00
1.128000000000000000e+04  ,  0.000000000000000000e+00  ,  0.000000000000000000e+00
1.134000000000000000e+04  ,  0.000000000000000000e+00  ,  0.000000000000000000e+00
1.140000000000000000e+04  ,  0.000000000000000000e+00  ,  0.000000000000000000e+00
1.146000000000000000e+04  ,  0.000000000000000000e+00  ,  0.000000000000000000e+00
1.152000000000000000e+04  ,  0.000000000000000000e+00  ,  0.000000000000000000e+00
1.158000000000000000e+04  ,  0.000000000000000000e+00  ,  0.000000000000000000e+00
1.164000000000000000e+04  ,  0.000000000000000000e+00  ,  0.000000000000000000e+00
1.170000000000000000e+04  ,  0.000000000000000000e+00  ,  0.000000000000000000e+00
1.176000000000000000e+04  ,  0.000000000000000000e+00  ,  0.000000000000000000e+00
1.182000000000000000e+04  ,  0.000000000000000000e+00  ,  0.000000000000000000e+00
1.188000000000000000e+04  ,  0.000000000000000000e+00  ,  0.000000000000000000e+00
1.194000000000000000e+04  ,  0.000000000000000000e+00  ,  0.000000000000000000e+00
1.200000000000000000e+04  ,  0.000000000000000000e+00  ,  0.000000000000000000e+00
1.206000000000000000e+04  ,  0.000000000000000000e+00  ,  0.000000000000000000e+00
1.212000000000000000e+04  ,  0.000000000000000000e+00  ,  0.000000000000000000e+00
1.218000000000000000e+04  ,  0.000000000000000000e+00  ,  0.000000000000000000e+00
1.224000000000000000e+04  ,  0.000000000000000000e+00  ,  0.000000000000000000e+00
1.230000000000000000e+04  ,  0.000000000000000000e+00  ,  0.000000000000000000e+00
1.236000000000000000e+04  ,  0.000000000000000000e+00  ,  0.000000000000000000e+00
1.242000000000000000e+04  ,  0.000000000000000000e+00  ,  0.000000000000000000e+00
1.248000000000000000e+04  ,  0.000000000000000000e+00  ,  0.000000000000000000e+00
1.254000000000000000e+04  ,  0.000000000000000000e+00  ,  0.000000000000000000e+00
1.260000000000000000e+04  ,  0.000000000000000000e+00  ,  0.000000000000000000e+00
1.266000000000000000e+04  ,  0.000000000000000000e+00  ,  0.000000000000000000e+00
1.272000000000000000e+04  ,  0.000000000000000000e+00  ,  0.000000000000000000e+00
1.278000000000000000e+04  ,  0.000000000000000000e+00  ,  0.000000000000000000e+00
1.284000000000000000e+04  ,  0.000000000000000000e+00  ,  0.000000000000000000e+00
1.290000000000000000e+04  ,  0.000000000000000000e+00  ,  0.000000000000000000e+00
1.296000000000000000e+04  ,  0.000000000000000000e+00  ,  0.000000000000000000e+00
1.302000000000000000e+04  ,  0.000000000000000000e+00  ,  0.000000000000000000e+00
1.308000000000000000e+04  ,  0.000000000000000000e+00  ,  0.000000000000000000e+00
1.314000000000000000e+04  ,  0.000000000000000000e+00  ,  0.000000000000000000e+00
1.320000000000000000e+04  ,  0.000000000000000000e+00  ,  0.000000000000000000e+00
1.326000000000000000e+04  ,  0.000000000000000000e+00  ,  0.000000000000000000e+00
1.332000000000000000e+04  ,  0.000000000000000000e+00  ,  0.000000000000000000e+00
1.338000000000000000e+04  ,  0.000000000000000000e+00  ,  0.000000000000000000e+00
1.344000000000000000e+04  ,  0.000000000000000000e+00  ,  0.000000000000000000e+00
1.350000000000000000e+04  ,  0.000000000000000000e+00  ,  0.000000000000000000e+00
1.356000000000000000e+04  ,  0.000000000000000000e+00  ,  0.000000000000000000e+00
1.362000000000000000e+04  ,  0.000000000000000000e+00  ,  0.000000000000000000e+00
1.368000000000000000e+04  ,  0.000000000000000000e+00  ,  0.000000000000000000e+00
1.374000000000000000e+04  ,  0.000000000000000000e+00  ,  0.000000000000000000e+00
1.380000000000000000e+04  ,  0.000000000000000000e+00  ,  0.000000000000000000e+00
1.386000000000000000e+04  ,  0.000000000000000000e+00  ,  0.000000000000000000e+00
1.392000000000000000e+04  ,  0.000000000000000000e+00  ,  0.000000000000000000e+00
1.398000000000000000e+04  ,  0.000000000000000000e+00  ,  0.000000000000000000e+00
1.404000000000000000e+04  ,  0.000000000000000000e+00  ,  0.000000000000000000e+00
1.410000000000000000e+04  ,  0.000000000000000000e+00  ,  0.000000000000000000e+00
1.416000000000000000e+04  ,  0.000000000000000000e+00  ,  0.000000000000000000e+00
1.422000000000000000e+04  ,  0.000000000000000000e+00  ,  0.000000000000000000e+00
1.428000000000000000e+04  ,  0.000000000000000000e+00  ,  0.000000000000000000e+00
1.434000000000000000e+04  ,  0.000000000000000000e+00  ,  0.000000000000000000e+00
1.440000000000000000e+04  ,  0.000000000000000000e+00  ,  0.000000000000000000e+00
1.446000000000000000e+04  ,  0.000000000000000000e+00  ,  0.000000000000000000e+00
1.452000000000000000e+04  ,  0.000000000000000000e+00  ,  0.000000000000000000e+00
1.458000000000000000e+04  ,  0.000000000000000000e+00  ,  0.000000000000000000e+00
1.464000000000000000e+04  ,  0.000000000000000000e+00  ,  0.000000000000000000e+00
1.470000000000000000e+04  ,  0.000000000000000000e+00  ,  0.000000000000000000e+00
1.476000000000000000e+04  ,  0.000000000000000000e+00  ,  0.000000000000000000e+00
1.482000000000000000e+04  ,  0.000000000000000000e+00  ,  0.000000000000000000e+00
1.488000000000000000e+04  ,  0.000000000000000000e+00  ,  0.000000000000000000e+00
1.494000000000000000e+04  ,  0.000000000000000000e+00  ,  0.000000000000000000e+00
1.500000000000000000e+04  ,  0.000000000000000000e+00  ,  0.000000000000000000e+00
1.506000000000000000e+04  ,  0.000000000000000000e+00  ,  0.000000000000000000e+00
1.512000000000000000e+04  ,  0.000000000000000000e+00  ,  0.000000000000000000e+00
1.518000000000000000e+04  ,  0.000000000000000000e+00  ,  0.000000000000000000e+00
1.524000000000000000e+04  ,  0.000000000000000000e+00  ,  0.000000000000000000e+00
1.530000000000000000e+04  ,  0.000000000000000000e+00  ,  0.000000000000000000e+00
1.536000000000000000e+04  ,  0.000000000000000000e+00  ,  0.000000000000000000e+00
1.542000000000000000e+04  ,  0.000000000000000000e+00  ,  0.000000000000000000e+00
1.548000000000000000e+04  ,  0.000000000000000000e+00  ,  0.000000000000000000e+00
1.554000000000000000e+04  ,  0.000000000000000000e+00  ,  0.000000000000000000e+00
1.560000000000000000e+04  ,  0.000000000000000000e+00  ,  0.000000000000000000e+00
1.566000000000000000e+04  ,  0.000000000000000000e+00  ,  0.000000000000000000e+00
1.572000000000000000e+04  ,  0.000000000000000000e+00  ,  0.000000000000000000e+00
1.578000000000000000e+04  ,  0.000000000000000000e+00  ,  0.000000000000000000e+00
1.584000000000000000e+04  ,  0.000000000000000000e+00  ,  0.000000000000000000e+00
1.590000000000000000e+04  ,  0.000000000000000000e+00  ,  0.000000000000000000e+00
1.596000000000000000e+04  ,  0.000000000000000000e+00  ,  0.000000000000000000e+00
1.602000000000000000e+04  ,  0.000000000000000000e+00  ,  0.000000000000000000e+00
1.608000000000000000e+04  ,  0.000000000000000000e+00  ,  0.000000000000000000e+00
1.614000000000000000e+04  ,  0.000000000000000000e+00  ,  0.000000000000000000e+00
1.620000000000000000e+04  ,  0.000000000000000000e+00  ,  0.000000000000000000e+00
1.626000000000000000e+04  ,  0.000000000000000000e+00  ,  0.000000000000000000e+00
1.632000000000000000e+04  ,  0.000000000000000000e+00  ,  0.000000000000000000e+00
1.638000000000000000e+04  ,  0.000000000000000000e+00  ,  0.000000000000000000e+00
1.644000000000000000e+04  ,  0.000000000000000000e+00  ,  0.000000000000000000e+00
1.650000000000000000e+04  ,  0.000000000000000000e+00  ,  0.000000000000000000e+00
1.656000000000000000e+04  ,  0.000000000000000000e+00  ,  0.000000000000000000e+00
1.662000000000000000e+04  ,  0.000000000000000000e+00  ,  0.000000000000000000e+00
1.668000000000000000e+04  ,  0.000000000000000000e+00  ,  0.000000000000000000e+00
1.674000000000000000e+04  ,  0.000000000000000000e+00  ,  0.000000000000000000e+00
1.680000000000000000e+04  ,  0.000000000000000000e+00  ,  0.000000000000000000e+00
1.686000000000000000e+04  ,  0.000000000000000000e+00  ,  0.000000000000000000e+00
1.692000000000000000e+04  ,  0.000000000000000000e+00  ,  0.000000000000000000e+00
1.698000000000000000e+04  ,  0.000000000000000000e+00  ,  0.000000000000000000e+00
1.704000000000000000e+04  ,  0.000000000000000000e+00  ,  0.000000000000000000e+00
1.710000000000000000e+04  ,  0.000000000000000000e+00  ,  0.000000000000000000e+00
1.716000000000000000e+04  ,  0.000000000000000000e+00  ,  0.000000000000000000e+00
1.722000000000000000e+04  ,  0.000000000000000000e+00  ,  0.000000000000000000e+00
1.728000000000000000e+04  ,  0.000000000000000000e+00  ,  0.000000000000000000e+00
1.734000000000000000e+04  ,  0.000000000000000000e+00  ,  0.000000000000000000e+00
1.740000000000000000e+04  ,  0.000000000000000000e+00  ,  0.000000000000000000e+00
1.746000000000000000e+04  ,  0.000000000000000000e+00  ,  0.000000000000000000e+00
1.752000000000000000e+04  ,  0.000000000000000000e+00  ,  0.000000000000000000e+00
1.758000000000000000e+04  ,  0.000000000000000000e+00  ,  0.000000000000000000e+00
1.764000000000000000e+04  ,  0.000000000000000000e+00  ,  0.000000000000000000e+00
1.770000000000000000e+04  ,  0.000000000000000000e+00  ,  0.000000000000000000e+00
1.776000000000000000e+04  ,  0.000000000000000000e+00  ,  0.000000000000000000e+00
